 -5.0000000D-01
 -4.9900000D-01
 -4.9800000D-01
 -4.9700000D-01
 -4.9600000D-01
 -4.9500000D-01
 -4.9400000D-01
 -4.9300000D-01
 -4.9200000D-01
 -4.9100000D-01
 -4.9000000D-01
 -4.8900000D-01
 -4.8800000D-01
 -4.8700000D-01
 -4.8600000D-01
 -4.8500000D-01
 -4.8400000D-01
 -4.8300000D-01
 -4.8200000D-01
 -4.8100000D-01
 -4.8000000D-01
 -4.7900000D-01
 -4.7800000D-01
 -4.7700000D-01
 -4.7600000D-01
 -4.7500000D-01
 -4.7400000D-01
 -4.7300000D-01
 -4.7200000D-01
 -4.7100000D-01
 -4.7000000D-01
 -4.6900000D-01
 -4.6800000D-01
 -4.6700000D-01
 -4.6600000D-01
 -4.6500000D-01
 -4.6400000D-01
 -4.6300000D-01
 -4.6200000D-01
 -4.6100000D-01
 -4.6000000D-01
 -4.5900000D-01
 -4.5800000D-01
 -4.5700000D-01
 -4.5600000D-01
 -4.5500000D-01
 -4.5400000D-01
 -4.5300000D-01
 -4.5200000D-01
 -4.5100000D-01
 -4.5000000D-01
 -4.4900000D-01
 -4.4800000D-01
 -4.4700000D-01
 -4.4600000D-01
 -4.4500000D-01
 -4.4400000D-01
 -4.4300000D-01
 -4.4200000D-01
 -4.4100000D-01
 -4.4000000D-01
 -4.3900000D-01
 -4.3800000D-01
 -4.3700000D-01
 -4.3600000D-01
 -4.3500000D-01
 -4.3400000D-01
 -4.3300000D-01
 -4.3200000D-01
 -4.3100000D-01
 -4.3000000D-01
 -4.2900000D-01
 -4.2800000D-01
 -4.2700000D-01
 -4.2600000D-01
 -4.2500000D-01
 -4.2400000D-01
 -4.2300000D-01
 -4.2200000D-01
 -4.2100000D-01
 -4.2000000D-01
 -4.1900000D-01
 -4.1800000D-01
 -4.1700000D-01
 -4.1600000D-01
 -4.1500000D-01
 -4.1400000D-01
 -4.1300000D-01
 -4.1200000D-01
 -4.1100000D-01
 -4.1000000D-01
 -4.0900000D-01
 -4.0800000D-01
 -4.0700000D-01
 -4.0600000D-01
 -4.0500000D-01
 -4.0400000D-01
 -4.0300000D-01
 -4.0200000D-01
 -4.0100000D-01
 -4.0000000D-01
 -3.9900000D-01
 -3.9800000D-01
 -3.9700000D-01
 -3.9600000D-01
 -3.9500000D-01
 -3.9400000D-01
 -3.9300000D-01
 -3.9200000D-01
 -3.9100000D-01
 -3.9000000D-01
 -3.8900000D-01
 -3.8800000D-01
 -3.8700000D-01
 -3.8600000D-01
 -3.8500000D-01
 -3.8400000D-01
 -3.8300000D-01
 -3.8200000D-01
 -3.8100000D-01
 -3.8000000D-01
 -3.7900000D-01
 -3.7800000D-01
 -3.7700000D-01
 -3.7600000D-01
 -3.7500000D-01
 -3.7400000D-01
 -3.7300000D-01
 -3.7200000D-01
 -3.7100000D-01
 -3.7000000D-01
 -3.6900000D-01
 -3.6800000D-01
 -3.6700000D-01
 -3.6600000D-01
 -3.6500000D-01
 -3.6400000D-01
 -3.6300000D-01
 -3.6200000D-01
 -3.6100000D-01
 -3.6000000D-01
 -3.5900000D-01
 -3.5800000D-01
 -3.5700000D-01
 -3.5600000D-01
 -3.5500000D-01
 -3.5400000D-01
 -3.5300000D-01
 -3.5200000D-01
 -3.5100000D-01
 -3.5000000D-01
 -3.4900000D-01
 -3.4800000D-01
 -3.4700000D-01
 -3.4600000D-01
 -3.4500000D-01
 -3.4400000D-01
 -3.4300000D-01
 -3.4200000D-01
 -3.4100000D-01
 -3.4000000D-01
 -3.3900000D-01
 -3.3800000D-01
 -3.3700000D-01
 -3.3600000D-01
 -3.3500000D-01
 -3.3400000D-01
 -3.3300000D-01
 -3.3200000D-01
 -3.3100000D-01
 -3.3000000D-01
 -3.2900000D-01
 -3.2800000D-01
 -3.2700000D-01
 -3.2600000D-01
 -3.2500000D-01
 -3.2400000D-01
 -3.2300000D-01
 -3.2200000D-01
 -3.2100000D-01
 -3.2000000D-01
 -3.1900000D-01
 -3.1800000D-01
 -3.1700000D-01
 -3.1600000D-01
 -3.1500000D-01
 -3.1400000D-01
 -3.1300000D-01
 -3.1200000D-01
 -3.1100000D-01
 -3.1000000D-01
 -3.0900000D-01
 -3.0800000D-01
 -3.0700000D-01
 -3.0600000D-01
 -3.0500000D-01
 -3.0400000D-01
 -3.0300000D-01
 -3.0200000D-01
 -3.0100000D-01
 -3.0000000D-01
 -2.9900000D-01
 -2.9800000D-01
 -2.9700000D-01
 -2.9600000D-01
 -2.9500000D-01
 -2.9400000D-01
 -2.9300000D-01
 -2.9200000D-01
 -2.9100000D-01
 -2.9000000D-01
 -2.8900000D-01
 -2.8800000D-01
 -2.8700000D-01
 -2.8600000D-01
 -2.8500000D-01
 -2.8400000D-01
 -2.8300000D-01
 -2.8200000D-01
 -2.8100000D-01
 -2.8000000D-01
 -2.7900000D-01
 -2.7800000D-01
 -2.7700000D-01
 -2.7600000D-01
 -2.7500000D-01
 -2.7400000D-01
 -2.7300000D-01
 -2.7200000D-01
 -2.7100000D-01
 -2.7000000D-01
 -2.6900000D-01
 -2.6800000D-01
 -2.6700000D-01
 -2.6600000D-01
 -2.6500000D-01
 -2.6400000D-01
 -2.6300000D-01
 -2.6200000D-01
 -2.6100000D-01
 -2.6000000D-01
 -2.5900000D-01
 -2.5800000D-01
 -2.5700000D-01
 -2.5600000D-01
 -2.5500000D-01
 -2.5400000D-01
 -2.5300000D-01
 -2.5200000D-01
 -2.5100000D-01
 -2.5000000D-01
 -2.4900000D-01
 -2.4800000D-01
 -2.4700000D-01
 -2.4600000D-01
 -2.4500000D-01
 -2.4400000D-01
 -2.4300000D-01
 -2.4200000D-01
 -2.4100000D-01
 -2.4000000D-01
 -2.3900000D-01
 -2.3800000D-01
 -2.3700000D-01
 -2.3600000D-01
 -2.3500000D-01
 -2.3400000D-01
 -2.3300000D-01
 -2.3200000D-01
 -2.3100000D-01
 -2.3000000D-01
 -2.2900000D-01
 -2.2800000D-01
 -2.2700000D-01
 -2.2600000D-01
 -2.2500000D-01
 -2.2400000D-01
 -2.2300000D-01
 -2.2200000D-01
 -2.2100000D-01
 -2.2000000D-01
 -2.1900000D-01
 -2.1800000D-01
 -2.1700000D-01
 -2.1600000D-01
 -2.1500000D-01
 -2.1400000D-01
 -2.1300000D-01
 -2.1200000D-01
 -2.1100000D-01
 -2.1000000D-01
 -2.0900000D-01
 -2.0800000D-01
 -2.0700000D-01
 -2.0600000D-01
 -2.0500000D-01
 -2.0400000D-01
 -2.0300000D-01
 -2.0200000D-01
 -2.0100000D-01
 -2.0000000D-01
 -1.9900000D-01
 -1.9800000D-01
 -1.9700000D-01
 -1.9600000D-01
 -1.9500000D-01
 -1.9400000D-01
 -1.9300000D-01
 -1.9200000D-01
 -1.9100000D-01
 -1.9000000D-01
 -1.8900000D-01
 -1.8800000D-01
 -1.8700000D-01
 -1.8600000D-01
 -1.8500000D-01
 -1.8400000D-01
 -1.8300000D-01
 -1.8200000D-01
 -1.8100000D-01
 -1.8000000D-01
 -1.7900000D-01
 -1.7800000D-01
 -1.7700000D-01
 -1.7600000D-01
 -1.7500000D-01
 -1.7400000D-01
 -1.7300000D-01
 -1.7200000D-01
 -1.7100000D-01
 -1.7000000D-01
 -1.6900000D-01
 -1.6800000D-01
 -1.6700000D-01
 -1.6600000D-01
 -1.6500000D-01
 -1.6400000D-01
 -1.6300000D-01
 -1.6200000D-01
 -1.6100000D-01
 -1.6000000D-01
 -1.5900000D-01
 -1.5800000D-01
 -1.5700000D-01
 -1.5600000D-01
 -1.5500000D-01
 -1.5400000D-01
 -1.5300000D-01
 -1.5200000D-01
 -1.5100000D-01
 -1.5000000D-01
 -1.4900000D-01
 -1.4800000D-01
 -1.4700000D-01
 -1.4600000D-01
 -1.4500000D-01
 -1.4400000D-01
 -1.4300000D-01
 -1.4200000D-01
 -1.4100000D-01
 -1.4000000D-01
 -1.3900000D-01
 -1.3800000D-01
 -1.3700000D-01
 -1.3600000D-01
 -1.3500000D-01
 -1.3400000D-01
 -1.3300000D-01
 -1.3200000D-01
 -1.3100000D-01
 -1.3000000D-01
 -1.2900000D-01
 -1.2800000D-01
 -1.2700000D-01
 -1.2600000D-01
 -1.2500000D-01
 -1.2400000D-01
 -1.2300000D-01
 -1.2200000D-01
 -1.2100000D-01
 -1.2000000D-01
 -1.1900000D-01
 -1.1800000D-01
 -1.1700000D-01
 -1.1600000D-01
 -1.1500000D-01
 -1.1400000D-01
 -1.1300000D-01
 -1.1200000D-01
 -1.1100000D-01
 -1.1000000D-01
 -1.0900000D-01
 -1.0800000D-01
 -1.0700000D-01
 -1.0600000D-01
 -1.0500000D-01
 -1.0400000D-01
 -1.0300000D-01
 -1.0200000D-01
 -1.0100000D-01
 -1.0000000D-01
 -9.9000000D-02
 -9.8000000D-02
 -9.7000000D-02
 -9.6000000D-02
 -9.5000000D-02
 -9.4000000D-02
 -9.3000000D-02
 -9.2000000D-02
 -9.1000000D-02
 -9.0000000D-02
 -8.9000000D-02
 -8.8000000D-02
 -8.7000000D-02
 -8.6000000D-02
 -8.5000000D-02
 -8.4000000D-02
 -8.3000000D-02
 -8.2000000D-02
 -8.1000000D-02
 -8.0000000D-02
 -7.9000000D-02
 -7.8000000D-02
 -7.7000000D-02
 -7.6000000D-02
 -7.5000000D-02
 -7.4000000D-02
 -7.3000000D-02
 -7.2000000D-02
 -7.1000000D-02
 -7.0000000D-02
 -6.9000000D-02
 -6.8000000D-02
 -6.7000000D-02
 -6.6000000D-02
 -6.5000000D-02
 -6.4000000D-02
 -6.3000000D-02
 -6.2000000D-02
 -6.1000000D-02
 -6.0000000D-02
 -5.9000000D-02
 -5.8000000D-02
 -5.7000000D-02
 -5.6000000D-02
 -5.5000000D-02
 -5.4000000D-02
 -5.3000000D-02
 -5.2000000D-02
 -5.1000000D-02
 -5.0000000D-02
 -4.9000000D-02
 -4.8000000D-02
 -4.7000000D-02
 -4.6000000D-02
 -4.5000000D-02
 -4.4000000D-02
 -4.3000000D-02
 -4.2000000D-02
 -4.1000000D-02
 -4.0000000D-02
 -3.9000000D-02
 -3.8000000D-02
 -3.7000000D-02
 -3.6000000D-02
 -3.5000000D-02
 -3.4000000D-02
 -3.3000000D-02
 -3.2000000D-02
 -3.1000000D-02
 -3.0000000D-02
 -2.9000000D-02
 -2.8000000D-02
 -2.7000000D-02
 -2.6000000D-02
 -2.5000000D-02
 -2.4000000D-02
 -2.3000000D-02
 -2.2000000D-02
 -2.1000000D-02
 -2.0000000D-02
 -1.9000000D-02
 -1.8000000D-02
 -1.7000000D-02
 -1.6000000D-02
 -1.5000000D-02
 -1.4000000D-02
 -1.3000000D-02
 -1.2000000D-02
 -1.1000000D-02
 -1.0000000D-02
 -9.0000000D-03
 -8.0000000D-03
 -7.0000000D-03
 -6.0000000D-03
 -5.0000000D-03
 -4.0000000D-03
 -3.0000000D-03
 -2.0000000D-03
 -1.0000000D-03
  0.0000000D+00
  1.0000000D-03
  2.0000000D-03
  3.0000000D-03
  4.0000000D-03
  5.0000000D-03
  6.0000000D-03
  7.0000000D-03
  8.0000000D-03
  9.0000000D-03
  1.0000000D-02
  1.1000000D-02
  1.2000000D-02
  1.3000000D-02
  1.4000000D-02
  1.5000000D-02
  1.6000000D-02
  1.7000000D-02
  1.8000000D-02
  1.9000000D-02
  2.0000000D-02
  2.1000000D-02
  2.2000000D-02
  2.3000000D-02
  2.4000000D-02
  2.5000000D-02
  2.6000000D-02
  2.7000000D-02
  2.8000000D-02
  2.9000000D-02
  3.0000000D-02
  3.1000000D-02
  3.2000000D-02
  3.3000000D-02
  3.4000000D-02
  3.5000000D-02
  3.6000000D-02
  3.7000000D-02
  3.8000000D-02
  3.9000000D-02
  4.0000000D-02
  4.1000000D-02
  4.2000000D-02
  4.3000000D-02
  4.4000000D-02
  4.5000000D-02
  4.6000000D-02
  4.7000000D-02
  4.8000000D-02
  4.9000000D-02
  5.0000000D-02
  5.1000000D-02
  5.2000000D-02
  5.3000000D-02
  5.4000000D-02
  5.5000000D-02
  5.6000000D-02
  5.7000000D-02
  5.8000000D-02
  5.9000000D-02
  6.0000000D-02
  6.1000000D-02
  6.2000000D-02
  6.3000000D-02
  6.4000000D-02
  6.5000000D-02
  6.6000000D-02
  6.7000000D-02
  6.8000000D-02
  6.9000000D-02
  7.0000000D-02
  7.1000000D-02
  7.2000000D-02
  7.3000000D-02
  7.4000000D-02
  7.5000000D-02
  7.6000000D-02
  7.7000000D-02
  7.8000000D-02
  7.9000000D-02
  8.0000000D-02
  8.1000000D-02
  8.2000000D-02
  8.3000000D-02
  8.4000000D-02
  8.5000000D-02
  8.6000000D-02
  8.7000000D-02
  8.8000000D-02
  8.9000000D-02
  9.0000000D-02
  9.1000000D-02
  9.2000000D-02
  9.3000000D-02
  9.4000000D-02
  9.5000000D-02
  9.6000000D-02
  9.7000000D-02
  9.8000000D-02
  9.9000000D-02
  1.0000000D-01
  1.0100000D-01
  1.0200000D-01
  1.0300000D-01
  1.0400000D-01
  1.0500000D-01
  1.0600000D-01
  1.0700000D-01
  1.0800000D-01
  1.0900000D-01
  1.1000000D-01
  1.1100000D-01
  1.1200000D-01
  1.1300000D-01
  1.1400000D-01
  1.1500000D-01
  1.1600000D-01
  1.1700000D-01
  1.1800000D-01
  1.1900000D-01
  1.2000000D-01
  1.2100000D-01
  1.2200000D-01
  1.2300000D-01
  1.2400000D-01
  1.2500000D-01
  1.2600000D-01
  1.2700000D-01
  1.2800000D-01
  1.2900000D-01
  1.3000000D-01
  1.3100000D-01
  1.3200000D-01
  1.3300000D-01
  1.3400000D-01
  1.3500000D-01
  1.3600000D-01
  1.3700000D-01
  1.3800000D-01
  1.3900000D-01
  1.4000000D-01
  1.4100000D-01
  1.4200000D-01
  1.4300000D-01
  1.4400000D-01
  1.4500000D-01
  1.4600000D-01
  1.4700000D-01
  1.4800000D-01
  1.4900000D-01
  1.5000000D-01
  1.5100000D-01
  1.5200000D-01
  1.5300000D-01
  1.5400000D-01
  1.5500000D-01
  1.5600000D-01
  1.5700000D-01
  1.5800000D-01
  1.5900000D-01
  1.6000000D-01
  1.6100000D-01
  1.6200000D-01
  1.6300000D-01
  1.6400000D-01
  1.6500000D-01
  1.6600000D-01
  1.6700000D-01
  1.6800000D-01
  1.6900000D-01
  1.7000000D-01
  1.7100000D-01
  1.7200000D-01
  1.7300000D-01
  1.7400000D-01
  1.7500000D-01
  1.7600000D-01
  1.7700000D-01
  1.7800000D-01
  1.7900000D-01
  1.8000000D-01
  1.8100000D-01
  1.8200000D-01
  1.8300000D-01
  1.8400000D-01
  1.8500000D-01
  1.8600000D-01
  1.8700000D-01
  1.8800000D-01
  1.8900000D-01
  1.9000000D-01
  1.9100000D-01
  1.9200000D-01
  1.9300000D-01
  1.9400000D-01
  1.9500000D-01
  1.9600000D-01
  1.9700000D-01
  1.9800000D-01
  1.9900000D-01
  2.0000000D-01
  2.0100000D-01
  2.0200000D-01
  2.0300000D-01
  2.0400000D-01
  2.0500000D-01
  2.0600000D-01
  2.0700000D-01
  2.0800000D-01
  2.0900000D-01
  2.1000000D-01
  2.1100000D-01
  2.1200000D-01
  2.1300000D-01
  2.1400000D-01
  2.1500000D-01
  2.1600000D-01
  2.1700000D-01
  2.1800000D-01
  2.1900000D-01
  2.2000000D-01
  2.2100000D-01
  2.2200000D-01
  2.2300000D-01
  2.2400000D-01
  2.2500000D-01
  2.2600000D-01
  2.2700000D-01
  2.2800000D-01
  2.2900000D-01
  2.3000000D-01
  2.3100000D-01
  2.3200000D-01
  2.3300000D-01
  2.3400000D-01
  2.3500000D-01
  2.3600000D-01
  2.3700000D-01
  2.3800000D-01
  2.3900000D-01
  2.4000000D-01
  2.4100000D-01
  2.4200000D-01
  2.4300000D-01
  2.4400000D-01
  2.4500000D-01
  2.4600000D-01
  2.4700000D-01
  2.4800000D-01
  2.4900000D-01
  2.5000000D-01
  2.5100000D-01
  2.5200000D-01
  2.5300000D-01
  2.5400000D-01
  2.5500000D-01
  2.5600000D-01
  2.5700000D-01
  2.5800000D-01
  2.5900000D-01
  2.6000000D-01
  2.6100000D-01
  2.6200000D-01
  2.6300000D-01
  2.6400000D-01
  2.6500000D-01
  2.6600000D-01
  2.6700000D-01
  2.6800000D-01
  2.6900000D-01
  2.7000000D-01
  2.7100000D-01
  2.7200000D-01
  2.7300000D-01
  2.7400000D-01
  2.7500000D-01
  2.7600000D-01
  2.7700000D-01
  2.7800000D-01
  2.7900000D-01
  2.8000000D-01
  2.8100000D-01
  2.8200000D-01
  2.8300000D-01
  2.8400000D-01
  2.8500000D-01
  2.8600000D-01
  2.8700000D-01
  2.8800000D-01
  2.8900000D-01
  2.9000000D-01
  2.9100000D-01
  2.9200000D-01
  2.9300000D-01
  2.9400000D-01
  2.9500000D-01
  2.9600000D-01
  2.9700000D-01
  2.9800000D-01
  2.9900000D-01
  3.0000000D-01
  3.0100000D-01
  3.0200000D-01
  3.0300000D-01
  3.0400000D-01
  3.0500000D-01
  3.0600000D-01
  3.0700000D-01
  3.0800000D-01
  3.0900000D-01
  3.1000000D-01
  3.1100000D-01
  3.1200000D-01
  3.1300000D-01
  3.1400000D-01
  3.1500000D-01
  3.1600000D-01
  3.1700000D-01
  3.1800000D-01
  3.1900000D-01
  3.2000000D-01
  3.2100000D-01
  3.2200000D-01
  3.2300000D-01
  3.2400000D-01
  3.2500000D-01
  3.2600000D-01
  3.2700000D-01
  3.2800000D-01
  3.2900000D-01
  3.3000000D-01
  3.3100000D-01
  3.3200000D-01
  3.3300000D-01
  3.3400000D-01
  3.3500000D-01
  3.3600000D-01
  3.3700000D-01
  3.3800000D-01
  3.3900000D-01
  3.4000000D-01
  3.4100000D-01
  3.4200000D-01
  3.4300000D-01
  3.4400000D-01
  3.4500000D-01
  3.4600000D-01
  3.4700000D-01
  3.4800000D-01
  3.4900000D-01
  3.5000000D-01
  3.5100000D-01
  3.5200000D-01
  3.5300000D-01
  3.5400000D-01
  3.5500000D-01
  3.5600000D-01
  3.5700000D-01
  3.5800000D-01
  3.5900000D-01
  3.6000000D-01
  3.6100000D-01
  3.6200000D-01
  3.6300000D-01
  3.6400000D-01
  3.6500000D-01
  3.6600000D-01
  3.6700000D-01
  3.6800000D-01
  3.6900000D-01
  3.7000000D-01
  3.7100000D-01
  3.7200000D-01
  3.7300000D-01
  3.7400000D-01
  3.7500000D-01
  3.7600000D-01
  3.7700000D-01
  3.7800000D-01
  3.7900000D-01
  3.8000000D-01
  3.8100000D-01
  3.8200000D-01
  3.8300000D-01
  3.8400000D-01
  3.8500000D-01
  3.8600000D-01
  3.8700000D-01
  3.8800000D-01
  3.8900000D-01
  3.9000000D-01
  3.9100000D-01
  3.9200000D-01
  3.9300000D-01
  3.9400000D-01
  3.9500000D-01
  3.9600000D-01
  3.9700000D-01
  3.9800000D-01
  3.9900000D-01
  4.0000000D-01
  4.0100000D-01
  4.0200000D-01
  4.0300000D-01
  4.0400000D-01
  4.0500000D-01
  4.0600000D-01
  4.0700000D-01
  4.0800000D-01
  4.0900000D-01
  4.1000000D-01
  4.1100000D-01
  4.1200000D-01
  4.1300000D-01
  4.1400000D-01
  4.1500000D-01
  4.1600000D-01
  4.1700000D-01
  4.1800000D-01
  4.1900000D-01
  4.2000000D-01
  4.2100000D-01
  4.2200000D-01
  4.2300000D-01
  4.2400000D-01
  4.2500000D-01
  4.2600000D-01
  4.2700000D-01
  4.2800000D-01
  4.2900000D-01
  4.3000000D-01
  4.3100000D-01
  4.3200000D-01
  4.3300000D-01
  4.3400000D-01
  4.3500000D-01
  4.3600000D-01
  4.3700000D-01
  4.3800000D-01
  4.3900000D-01
  4.4000000D-01
  4.4100000D-01
  4.4200000D-01
  4.4300000D-01
  4.4400000D-01
  4.4500000D-01
  4.4600000D-01
  4.4700000D-01
  4.4800000D-01
  4.4900000D-01
  4.5000000D-01
  4.5100000D-01
  4.5200000D-01
  4.5300000D-01
  4.5400000D-01
  4.5500000D-01
  4.5600000D-01
  4.5700000D-01
  4.5800000D-01
  4.5900000D-01
  4.6000000D-01
  4.6100000D-01
  4.6200000D-01
  4.6300000D-01
  4.6400000D-01
  4.6500000D-01
  4.6600000D-01
  4.6700000D-01
  4.6800000D-01
  4.6900000D-01
  4.7000000D-01
  4.7100000D-01
  4.7200000D-01
  4.7300000D-01
  4.7400000D-01
  4.7500000D-01
  4.7600000D-01
  4.7700000D-01
  4.7800000D-01
  4.7900000D-01
  4.8000000D-01
  4.8100000D-01
  4.8200000D-01
  4.8300000D-01
  4.8400000D-01
  4.8500000D-01
  4.8600000D-01
  4.8700000D-01
  4.8800000D-01
  4.8900000D-01
  4.9000000D-01
  4.9100000D-01
  4.9200000D-01
  4.9300000D-01
  4.9400000D-01
  4.9500000D-01
  4.9600000D-01
  4.9700000D-01
  4.9800000D-01
  4.9900000D-01
  5.0000000D-01
